ZCZC
FSCI50 BECQ 180730 
2018061812时重庆市预报产品
SPCC 2018061812
1
57516  106.48   29.52  259.1  14  21
12  12.3 999.9 999.9 999.9 999.9   0.4 999.9 999.9   2.0 999.9 999.9 999.9 999.9 999.9 999.9 999.9 999.9 999.9   7.0   0.0   0.0
24  12.3 999.9 999.9 999.9 999.9   0.4 999.9 999.9   2.0 999.9  30.4  24.3 999.9 999.9 999.9 999.9 999.9 999.9   2.0   0.0   0.0
36  12.3 999.9 999.9 999.9 999.9   0.4 999.9 999.9   2.0 999.9 999.9 999.9 999.9 999.9 999.9 999.9 999.9 999.9   2.0   0.0   0.0
48  12.3 999.9 999.9 999.9 999.9   0.4 999.9 999.9   2.0 999.9  29.4  25.4 999.9 999.9 999.9 999.9 999.9 999.9   7.0   0.0   0.0
60  12.3 999.9 999.9 999.9 999.9   0.4 999.9 999.9   2.0 999.9 999.9 999.9 999.9 999.9 999.9 999.9 999.9 999.9   7.0   0.0   0.0
72  12.3 999.9 999.9 999.9 999.9   0.4 999.9 999.9   2.0 999.9  29.4  24.5 999.9 999.9 999.9 999.9 999.9 999.9   7.0   0.0   0.0
84 999.9 999.9 999.9 999.9 999.9 999.9 999.9 999.9 999.9 999.9   2.2   1.1 999.9 999.9 999.9 999.9 999.9 999.9   2.0   0.0   0.0
96 999.9 999.9 999.9 999.9 999.9 999.9 999.9 999.9 999.9 999.9  32.0  26.0 999.9 999.9 999.9 999.9 999.9 999.9   1.0   0.0   0.0
108 999.9 999.9 999.9 999.9 999.9 999.9 999.9 999.9 999.9 999.9   2.2   1.1 999.9 999.9 999.9 999.9 999.9 999.9   1.0   0.0   0.0
120 999.9 999.9 999.9 999.9 999.9 999.9 999.9 999.9 999.9 999.9  33.0  26.0 999.9 999.9 999.9 999.9 999.9 999.9   1.0   0.0   0.0
132 999.9 999.9 999.9 999.9 999.9 999.9 999.9 999.9 999.9 999.9   2.2   1.1 999.9 999.9 999.9 999.9 999.9 999.9   2.0   0.0   0.0
144 999.9 999.9 999.9 999.9 999.9 999.9 999.9 999.9 999.9 999.9  34.0  26.0 999.9 999.9 999.9 999.9 999.9 999.9   3.0   0.0   0.0
156 999.9 999.9 999.9 999.9 999.9 999.9 999.9 999.9 999.9 999.9   2.2   1.1 999.9 999.9 999.9 999.9 999.9 999.9   3.0   0.0   0.0
168 999.9 999.9 999.9 999.9 999.9 999.9 999.9 999.9 999.9 999.9  34.0  27.0 999.9 999.9 999.9 999.9 999.9 999.9   2.0   0.0   0.0
NNNN
