ZCZC
FSCI50 BEHZ 180730 
2018061812时浙江省气象台订正预报产品
SPCC 2018061812
2
58457 120.17 30.23 41.7 14 21
12  999.9  999.9  999.9  999.9  999.9  999.9  999.9  999.9  999.9  999.9  999.9  999.9  999.9  999.9  999.9  999.9  999.9  999.9    1.0    8.0    0.0
24  999.9  999.9  999.9  999.9  999.9  999.9  999.9  999.9  999.9  999.9   30.0   24.5  999.9  999.9  999.9  999.9  999.9  999.9    3.0    8.0    0.0
36  999.9  999.9  999.9  999.9  999.9  999.9  999.9  999.9  999.9  999.9  999.9  999.9  999.9  999.9  999.9  999.9  999.9  999.9    8.0    1.0    0.0
48  999.9  999.9  999.9  999.9  999.9  999.9  999.9  999.9  999.9  999.9   25.0   22.0  999.9  999.9  999.9  999.9  999.9  999.9   22.0    1.0    0.0
60  999.9  999.9  999.9  999.9  999.9  999.9  999.9  999.9  999.9  999.9  999.9  999.9  999.9  999.9  999.9  999.9  999.9  999.9    3.0    2.0    0.0
72  999.9  999.9  999.9  999.9  999.9  999.9  999.9  999.9  999.9  999.9   28.0   21.0  999.9  999.9  999.9  999.9  999.9  999.9    2.0    2.0    0.0
84  999.9  999.9  999.9  999.9  999.9  999.9  999.9  999.9  999.9  999.9  999.9  999.9  999.9  999.9  999.9  999.9  999.9  999.9    3.0    5.0    0.0
96  999.9  999.9  999.9  999.9  999.9  999.9  999.9  999.9  999.9  999.9   25.0   21.0  999.9  999.9  999.9  999.9  999.9  999.9    8.0    5.0    0.0
108  999.9  999.9  999.9  999.9  999.9  999.9  999.9  999.9  999.9  999.9  999.9  999.9  999.9  999.9  999.9  999.9  999.9  999.9    1.0    1.0    0.0
120  999.9  999.9  999.9  999.9  999.9  999.9  999.9  999.9  999.9  999.9   29.0   22.0  999.9  999.9  999.9  999.9  999.9  999.9    3.0    1.0    0.0
132  999.9  999.9  999.9  999.9  999.9  999.9  999.9  999.9  999.9  999.9  999.9  999.9  999.9  999.9  999.9  999.9  999.9  999.9    1.0    3.0    0.0
144  999.9  999.9  999.9  999.9  999.9  999.9  999.9  999.9  999.9  999.9   30.0   22.0  999.9  999.9  999.9  999.9  999.9  999.9    3.0    3.0    0.0
156  999.9  999.9  999.9  999.9  999.9  999.9  999.9  999.9  999.9  999.9  999.9  999.9  999.9  999.9  999.9  999.9  999.9  999.9    1.0    4.0    0.0
168  999.9  999.9  999.9  999.9  999.9  999.9  999.9  999.9  999.9  999.9   31.0   24.0  999.9  999.9  999.9  999.9  999.9  999.9    3.0    4.0    0.0
58562 121.55 29.78 6.0 14 21
12  999.9  999.9  999.9  999.9  999.9  999.9  999.9  999.9  999.9  999.9  999.9  999.9  999.9  999.9  999.9  999.9  999.9  999.9    1.0    4.0    0.0
24  999.9  999.9  999.9  999.9  999.9  999.9  999.9  999.9  999.9  999.9   30.0   24.0  999.9  999.9  999.9  999.9  999.9  999.9    3.0    4.0    1.0
36  999.9  999.9  999.9  999.9  999.9  999.9  999.9  999.9  999.9  999.9  999.9  999.9  999.9  999.9  999.9  999.9  999.9  999.9    3.0    8.0    0.0
48  999.9  999.9  999.9  999.9  999.9  999.9  999.9  999.9  999.9  999.9   26.0   23.0  999.9  999.9  999.9  999.9  999.9  999.9    8.0    2.0    1.0
60  999.9  999.9  999.9  999.9  999.9  999.9  999.9  999.9  999.9  999.9  999.9  999.9  999.9  999.9  999.9  999.9  999.9  999.9    3.0    7.0    1.0
72  999.9  999.9  999.9  999.9  999.9  999.9  999.9  999.9  999.9  999.9   25.0   22.0  999.9  999.9  999.9  999.9  999.9  999.9    3.0    2.0    1.0
84  999.9  999.9  999.9  999.9  999.9  999.9  999.9  999.9  999.9  999.9  999.9  999.9  999.9  999.9  999.9  999.9  999.9  999.9    3.0    2.0    1.0
96  999.9  999.9  999.9  999.9  999.9  999.9  999.9  999.9  999.9  999.9   26.0   22.0  999.9  999.9  999.9  999.9  999.9  999.9    8.0    3.0    1.0
108  999.9  999.9  999.9  999.9  999.9  999.9  999.9  999.9  999.9  999.9  999.9  999.9  999.9  999.9  999.9  999.9  999.9  999.9    3.0    7.0    0.0
120  999.9  999.9  999.9  999.9  999.9  999.9  999.9  999.9  999.9  999.9   28.0   23.0  999.9  999.9  999.9  999.9  999.9  999.9    3.0    4.0    0.0
132  999.9  999.9  999.9  999.9  999.9  999.9  999.9  999.9  999.9  999.9  999.9  999.9  999.9  999.9  999.9  999.9  999.9  999.9    3.0    1.0    0.0
144  999.9  999.9  999.9  999.9  999.9  999.9  999.9  999.9  999.9  999.9   30.0   23.0  999.9  999.9  999.9  999.9  999.9  999.9    3.0    3.0    0.0
156  999.9  999.9  999.9  999.9  999.9  999.9  999.9  999.9  999.9  999.9  999.9  999.9  999.9  999.9  999.9  999.9  999.9  999.9    1.0    3.0    1.0
168  999.9  999.9  999.9  999.9  999.9  999.9  999.9  999.9  999.9  999.9   32.0   24.0  999.9  999.9  999.9  999.9  999.9  999.9    3.0    4.0    0.0
NNNN
