ZCZC
FSCI50 BEKM 180730 
2018061812时云南省订正预报产品
SPCC 2018061812
1
56778 102.47 25.04 1891.4 14 21
12  999.9  999.9  999.9  999.9  999.9  999.9  999.9  999.9  999.9  999.9  999.9  999.9  999.9  999.9  999.9  999.9  999.9  999.9    3.0    0.0    0.0
24  999.9  999.9  999.9  999.9  999.9  999.9  999.9  999.9  999.9  999.9   25.0   18.0  999.9  999.9  999.9  999.9  999.9  999.9    3.0    0.0    0.0
36  999.9  999.9  999.9  999.9  999.9  999.9  999.9  999.9  999.9  999.9  999.9  999.9  999.9  999.9  999.9  999.9  999.9  999.9    3.0    0.0    0.0
48  999.9  999.9  999.9  999.9  999.9  999.9  999.9  999.9  999.9  999.9   24.0   17.0  999.9  999.9  999.9  999.9  999.9  999.9    3.0    0.0    0.0
60  999.9  999.9  999.9  999.9  999.9  999.9  999.9  999.9  999.9  999.9  999.9  999.9  999.9  999.9  999.9  999.9  999.9  999.9    3.0    0.0    0.0
72  999.9  999.9  999.9  999.9  999.9  999.9  999.9  999.9  999.9  999.9   25.0   16.0  999.9  999.9  999.9  999.9  999.9  999.9    3.0    0.0    0.0
84  999.9  999.9  999.9  999.9  999.9  999.9  999.9  999.9  999.9  999.9  999.9  999.9  999.9  999.9  999.9  999.9  999.9  999.9    3.0    0.0    0.0
96  999.9  999.9  999.9  999.9  999.9  999.9  999.9  999.9  999.9  999.9   22.0   16.0  999.9  999.9  999.9  999.9  999.9  999.9    8.0    0.0    0.0
108  999.9  999.9  999.9  999.9  999.9  999.9  999.9  999.9  999.9  999.9  999.9  999.9  999.9  999.9  999.9  999.9  999.9  999.9   22.0    0.0    0.0
120  999.9  999.9  999.9  999.9  999.9  999.9  999.9  999.9  999.9  999.9   21.0   15.0  999.9  999.9  999.9  999.9  999.9  999.9   22.0    0.0    0.0
132  999.9  999.9  999.9  999.9  999.9  999.9  999.9  999.9  999.9  999.9  999.9  999.9  999.9  999.9  999.9  999.9  999.9  999.9    7.0    0.0    0.0
144  999.9  999.9  999.9  999.9  999.9  999.9  999.9  999.9  999.9  999.9   22.0   16.0  999.9  999.9  999.9  999.9  999.9  999.9    7.0    0.0    0.0
156  999.9  999.9  999.9  999.9  999.9  999.9  999.9  999.9  999.9  999.9  999.9  999.9  999.9  999.9  999.9  999.9  999.9  999.9    7.0    0.0    0.0
168  999.9  999.9  999.9  999.9  999.9  999.9  999.9  999.9  999.9  999.9   23.0   16.0  999.9  999.9  999.9  999.9  999.9  999.9    7.0    0.0    0.0
NNNN
