ZCZC
FSCI50 BCUQ 180730 
2018061812时 新疆晚间城镇预报产品
SPCC 2018061812
1
51463    87.61  43.79   918.70   14   21
12  999.9 999.9 999.9 999.9 999.9 999.9 999.9 999.9 999.9 999.9 999.9 999.9 999.9 999.9 999.9 999.9 999.9 999.9   1.0   0.0   0.0
24  999.9 999.9 999.9 999.9 999.9 999.9 999.9 999.9 999.9 999.9  30.0  17.8 999.9 999.9   0.0 999.9 999.9 999.9   0.0   0.0   0.0
36  999.9 999.9 999.9 999.9 999.9 999.9 999.9 999.9 999.9 999.9 999.9 999.9 999.9 999.9 999.9 999.9 999.9 999.9   0.0   0.0   0.0
48  999.9 999.9 999.9 999.9 999.9 999.9 999.9 999.9 999.9 999.9  32.0  20.0 999.9 999.9   0.0 999.9 999.9 999.9   0.0   0.0   0.0
60  999.9 999.9 999.9 999.9 999.9 999.9 999.9 999.9 999.9 999.9 999.9 999.9 999.9 999.9 999.9 999.9 999.9 999.9   1.0   0.0   0.0
72  999.9 999.9 999.9 999.9 999.9 999.9 999.9 999.9 999.9 999.9  31.0  19.0 999.9 999.9   1.0 999.9 999.9 999.9   7.0   0.0   0.0
84  999.9 999.9 999.9 999.9 999.9 999.9 999.9 999.9 999.9 999.9 999.9 999.9 999.9 999.9 999.9 999.9 999.9 999.9   0.0   0.0   0.0
96  999.9 999.9 999.9 999.9 999.9 999.9 999.9 999.9 999.9 999.9  29.5  19.0 999.9 999.9   0.0 999.9 999.9 999.9   0.0   0.0   0.0
108  999.9 999.9 999.9 999.9 999.9 999.9 999.9 999.9 999.9 999.9 999.9 999.9 999.9 999.9 999.9 999.9 999.9 999.9   0.0   0.0   0.0
120  999.9 999.9 999.9 999.9 999.9 999.9 999.9 999.9 999.9 999.9  29.0  19.0 999.9 999.9   0.0 999.9 999.9 999.9   0.0   0.0   0.0
132  999.9 999.9 999.9 999.9 999.9 999.9 999.9 999.9 999.9 999.9 999.9 999.9 999.9 999.9 999.9 999.9 999.9 999.9   0.0   0.0   0.0
144  999.9 999.9 999.9 999.9 999.9 999.9 999.9 999.9 999.9 999.9  31.0  20.0 999.9 999.9   0.0 999.9 999.9 999.9   0.0   0.0   0.0
156  999.9 999.9 999.9 999.9 999.9 999.9 999.9 999.9 999.9 999.9 999.9 999.9 999.9 999.9 999.9 999.9 999.9 999.9   1.0   0.0   0.0
168  999.9 999.9 999.9 999.9 999.9 999.9 999.9 999.9 999.9 999.9  30.0  21.0 999.9 999.9   0.0 999.9 999.9 999.9   1.0   0.0   0.0
NNNN
