ZCZC
FSCI50 BCCD 180730 
2018061812时成都区域中心订正预报产品
SPCC 2018061812
1
56294 104.02 30.67 507.3 14 21
12      22.9    73.4    13.1    0.5     944.6   0.0     9.7     8.1     2.0     31.3    999.9   999.9   999.9   999.9   999.9   0.0     9.9     8.2     2.0     0.0     0.0
24      29.3    60.9    353.4   1.2     943.4   0.0     8.2     5.3     1.0     19.7    31.8    22.6    78.8    48.3    0.0     0.0     8.0     6.1     1.0     0.0     0.0
36      23.2    72.6    12.0    2.1     946.4   1.0     10.0    7.9     7.0     33.1    999.9   999.9   999.9   999.9   999.9   1.0     9.8     6.6     7.0     0.0     0.0
48      28.2    64.7    22.0    2.2     945.0   0.0     9.0     7.7     2.0     31.0    30.7    22.6    77.5    52.1    2.0     1.0     9.1     7.7     7.0     0.0     0.0
60      22.7    79.9    23.7    2.5     946.5   0.5     10.0    9.9     7.0     35.0    999.9   999.9   999.9   999.9   999.9   1.7     9.9     9.3     7.0     0.0     0.0
72      27.2    73.6    32.3    2.4     944.4   0.0     9.3     8.8     2.0     31.1    29.4    22.3    81.9    60.7    3.6     1.9     9.1     8.6     7.0     0.0     0.0
84      23.1    79.7    31.8    1.7     945.9   1.1     9.7     9.5     7.0     33.1    999.9   999.9   999.9   999.9   999.9   2.3     9.6     9.4     7.0     0.0     0.0
96      28.6    71.9    341.3   0.5     943.9   0.9     8.0     7.8     3.0     25.0    29.9    22.8    84.5    65.2    4.1     1.8     8.5     8.3     3.0     0.0     0.0
108     24.1    78.5    26.4    1.4     945.4   1.0     9.8     9.0     7.0     31.0    999.9   999.9   999.9   999.9   999.9   1.5     9.0     8.4     7.0     0.0     0.0
120     28.5    76.5    5.2     1.8     943.6   0.6     9.3     8.3     7.0     29.0    31.1    23.9    81.8    57.6    2.1     0.6     9.2     8.2     7.0     0.0     0.0
132     23.9    86.0    18.1    2.0     945.4   0.7     9.8     9.6     7.0     35.0    999.9   999.9   999.9   999.9   999.9   2.5     9.8     9.5     7.0     0.0     0.0
144     27.8    83.1    32.0    1.9     943.1   0.6     9.3     9.0     7.0     31.0    29.3    23.8    87.0    69.2    5.1     2.5     9.2     8.9     7.0     0.0     0.0
156     23.7    90.2    31.7    2.5     944.6   0.7     9.9     9.8     7.0     35.0    999.9   999.9   999.9   999.9   999.9   1.7     9.9     9.6     7.0     0.0     0.0
168     27.8    82.9    40.0    1.4     942.3   1.7     8.9     8.7     3.0     29.3    29.4    23.6    93.0    71.0    4.2     2.6     8.9     8.7     3.0     0.0     0.0
NNNN
