ZCZC
FSCI50 BESZ 180730 
2018061812时河北省气象台城市预报
SPCC 2018061812
1
53698 114.42 38.02 81.0 14 21
12 999.9 999.9 999.9 999.9 999.9 999.9 999.9 999.9 999.9 999.9 999.9 999.9 999.9 999.9 999.9 999.9 999.9 999.9   2.0   8.0   0.0
24 999.9 999.9 999.9 999.9 999.9 999.9 999.9 999.9 999.9 999.9  34.0  22.0 999.9 999.9 999.9 999.9 999.9 999.9   1.0   8.0   1.0
36 999.9 999.9 999.9 999.9 999.9 999.9 999.9 999.9 999.9 999.9 999.9 999.9 999.9 999.9 999.9 999.9 999.9 999.9   1.0   8.0   0.0
48 999.9 999.9 999.9 999.9 999.9 999.9 999.9 999.9 999.9 999.9  35.0  23.0 999.9 999.9 999.9 999.9 999.9 999.9   0.0   4.0   1.0
60 999.9 999.9 999.9 999.9 999.9 999.9 999.9 999.9 999.9 999.9 999.9 999.9 999.9 999.9 999.9 999.9 999.9 999.9   0.0   8.0   0.0
72 999.9 999.9 999.9 999.9 999.9 999.9 999.9 999.9 999.9 999.9  35.0  23.0 999.9 999.9 999.9 999.9 999.9 999.9   1.0   4.0   1.0
84 999.9 999.9 999.9 999.9 999.9 999.9 999.9 999.9 999.9 999.9 999.9 999.9 999.9 999.9 999.9 999.9 999.9 999.9   2.0   8.0   0.0
96 999.9 999.9 999.9 999.9 999.9 999.9 999.9 999.9 999.9 999.9  34.0  24.0 999.9 999.9 999.9 999.9 999.9 999.9   1.0   4.0   1.0
108 999.9 999.9 999.9 999.9 999.9 999.9 999.9 999.9 999.9 999.9 999.9 999.9 999.9 999.9 999.9 999.9 999.9 999.9   0.0   8.0   0.0
120 999.9 999.9 999.9 999.9 999.9 999.9 999.9 999.9 999.9 999.9  34.0  24.0 999.9 999.9 999.9 999.9 999.9 999.9   1.0   4.0   1.0
132 999.9 999.9 999.9 999.9 999.9 999.9 999.9 999.9 999.9 999.9 999.9 999.9 999.9 999.9 999.9 999.9 999.9 999.9   1.0   8.0   0.0
144 999.9 999.9 999.9 999.9 999.9 999.9 999.9 999.9 999.9 999.9  33.0  23.0 999.9 999.9 999.9 999.9 999.9 999.9   2.0   4.0   1.0
156 999.9 999.9 999.9 999.9 999.9 999.9 999.9 999.9 999.9 999.9 999.9 999.9 999.9 999.9 999.9 999.9 999.9 999.9   2.0   8.0   0.0
168 999.9 999.9 999.9 999.9 999.9 999.9 999.9 999.9 999.9 999.9  32.0  23.0 999.9 999.9 999.9 999.9 999.9 999.9   1.0   4.0   1.0
NNNN
