ZCZC
FSCI50 BEXA 180730 
2018061812时陕西省订正预报产品
SPCC    2018061812
1
57036   108.93   34.30    397.50     14     21
12 999.9 999.9 999.9 999.9 999.9 999.9 999.9 999.9 999.9 999.9 999.9 999.9 999.9 999.9 999.9   0.3 999.9 999.9   7.0   7.0   0.0
24 999.9 999.9 999.9 999.9 999.9 999.9 999.9 999.9 999.9 999.9  32.3  18.0 999.9 999.9 999.9   0.1 999.9 999.9   7.0   3.0   0.0
36 999.9 999.9 999.9 999.9 999.9 999.9 999.9 999.9 999.9 999.9 999.9 999.9 999.9 999.9 999.9   0.0 999.9 999.9   2.0   3.0   0.0
48 999.9 999.9 999.9 999.9 999.9 999.9 999.9 999.9 999.9 999.9  34.7  20.4 999.9 999.9 999.9   0.0 999.9 999.9   1.0   2.0   1.0
60 999.9 999.9 999.9 999.9 999.9 999.9 999.9 999.9 999.9 999.9 999.9 999.9 999.9 999.9 999.9   0.0 999.9 999.9   1.0   3.0   1.0
72 999.9 999.9 999.9 999.9 999.9 999.9 999.9 999.9 999.9 999.9  35.4  20.1 999.9 999.9 999.9   0.0 999.9 999.9   2.0   3.0   0.0
84 999.9 999.9 999.9 999.9 999.9 999.9 999.9 999.9 999.9 999.9 999.9 999.9 999.9 999.9 999.9   0.0 999.9 999.9   1.0   3.0   0.0
96 999.9 999.9 999.9 999.9 999.9 999.9 999.9 999.9 999.9 999.9  35.7  20.5 999.9 999.9 999.9   0.0 999.9 999.9   1.0   3.0   0.0
108 999.9 999.9 999.9 999.9 999.9 999.9 999.9 999.9 999.9 999.9 999.9 999.9 999.9 999.9 999.9   0.0 999.9 999.9   2.0   4.0   0.0
120 999.9 999.9 999.9 999.9 999.9 999.9 999.9 999.9 999.9 999.9  35.3  20.0 999.9 999.9 999.9   0.0 999.9 999.9   1.0   2.0   1.0
132 999.9 999.9 999.9 999.9 999.9 999.9 999.9 999.9 999.9 999.9 999.9 999.9 999.9 999.9 999.9   0.0 999.9 999.9   1.0   3.0   0.0
144 999.9 999.9 999.9 999.9 999.9 999.9 999.9 999.9 999.9 999.9  34.8  21.7 999.9 999.9 999.9   0.0 999.9 999.9   0.0   2.0   0.0
156 999.9 999.9 999.9 999.9 999.9 999.9 999.9 999.9 999.9 999.9 999.9 999.9 999.9 999.9 999.9   0.0 999.9 999.9   1.0   2.0   1.0
168 999.9 999.9 999.9 999.9 999.9 999.9 999.9 999.9 999.9 999.9  36.1  24.6 999.9 999.9 999.9   1.2 999.9 999.9   7.0   2.0   0.0
NNNN
