ZCZC
FSCI50 BCSY 180730 
2018061812时沈阳区域中心预报产品
SPCC  2018061812
1
54662  121.63   38.90  92.5   14   21
12  999.9  999.9  999.9  999.9  999.9  999.9  999.9  999.9  999.9  999.9  999.9  999.9  999.9  999.9  999.9  999.9  999.9  999.9    7.0    4.0    2.0
24  999.9  999.9  999.9  999.9  999.9  999.9  999.9  999.9  999.9  999.9   21.0   17.0  999.9  999.9  999.9  999.9  999.9  999.9    7.0    4.0    2.0
36  999.9  999.9  999.9  999.9  999.9  999.9  999.9  999.9  999.9  999.9  999.9  999.9  999.9  999.9  999.9  999.9  999.9  999.9    1.0    8.0    2.0
48  999.9  999.9  999.9  999.9  999.9  999.9  999.9  999.9  999.9  999.9   26.0   18.0  999.9  999.9  999.9  999.9  999.9  999.9    0.0    5.0    2.0
60  999.9  999.9  999.9  999.9  999.9  999.9  999.9  999.9  999.9  999.9  999.9  999.9  999.9  999.9  999.9  999.9  999.9  999.9    0.0    5.0    2.0
72  999.9  999.9  999.9  999.9  999.9  999.9  999.9  999.9  999.9  999.9   27.0   19.0  999.9  999.9  999.9  999.9  999.9  999.9    0.0    5.0    2.0
84  999.9  999.9  999.9  999.9  999.9  999.9  999.9  999.9  999.9  999.9  999.9  999.9  999.9  999.9  999.9  999.9  999.9  999.9    0.0    5.0    3.0
96  999.9  999.9  999.9  999.9  999.9  999.9  999.9  999.9  999.9  999.9   28.0   20.0  999.9  999.9  999.9  999.9  999.9  999.9    0.0    5.0    2.0
108  999.9  999.9  999.9  999.9  999.9  999.9  999.9  999.9  999.9  999.9  999.9  999.9  999.9  999.9  999.9  999.9  999.9  999.9    0.0    4.0    2.0
120  999.9  999.9  999.9  999.9  999.9  999.9  999.9  999.9  999.9  999.9   28.0   20.0  999.9  999.9  999.9  999.9  999.9  999.9    0.0    4.0    2.0
132  999.9  999.9  999.9  999.9  999.9  999.9  999.9  999.9  999.9  999.9  999.9  999.9  999.9  999.9  999.9  999.9  999.9  999.9    0.0    3.0    2.0
144  999.9  999.9  999.9  999.9  999.9  999.9  999.9  999.9  999.9  999.9   28.0   21.0  999.9  999.9  999.9  999.9  999.9  999.9    2.0    3.0    2.0
156  999.9  999.9  999.9  999.9  999.9  999.9  999.9  999.9  999.9  999.9  999.9  999.9  999.9  999.9  999.9  999.9  999.9  999.9    2.0    4.0    2.0
168  999.9  999.9  999.9  999.9  999.9  999.9  999.9  999.9  999.9  999.9   27.0   22.0  999.9  999.9  999.9  999.9  999.9  999.9    1.0    4.0    2.0
NNNN
