ZCZC
FSCI50 BEJN 180730 
2018061812时山东省气象台订正预报产品
SPCC  2018061812
2
54823 117.00 36.60   170.3  14  21
12  999.9 999.9 999.9 999.9 999.9 999.9 999.9 999.9 999.9 999.9 999.9 999.9 999.9 999.9 999.9 999.9 999.9 999.9   1.0   4.0   0.0
24  999.9 999.9 999.9 999.9 999.9 999.9 999.9 999.9 999.9 999.9  33.0  22.0 999.9 999.9 999.9 999.9 999.9 999.9   1.0   8.0   0.0
36  999.9 999.9 999.9 999.9 999.9 999.9 999.9 999.9 999.9 999.9 999.9 999.9 999.9 999.9 999.9 999.9 999.9 999.9   1.0   8.0   0.0
48  999.9 999.9 999.9 999.9 999.9 999.9 999.9 999.9 999.9 999.9  34.0  22.0 999.9 999.9 999.9 999.9 999.9 999.9   0.0   8.0   0.0
60  999.9 999.9 999.9 999.9 999.9 999.9 999.9 999.9 999.9 999.9 999.9 999.9 999.9 999.9 999.9 999.9 999.9 999.9   0.0   4.0   0.0
72  999.9 999.9 999.9 999.9 999.9 999.9 999.9 999.9 999.9 999.9  36.0  24.0 999.9 999.9 999.9 999.9 999.9 999.9   0.0   4.0   0.0
84  999.9 999.9 999.9 999.9 999.9 999.9 999.9 999.9 999.9 999.9 999.9 999.9 999.9 999.9 999.9 999.9 999.9 999.9   0.0   4.0   0.0
96  999.9 999.9 999.9 999.9 999.9 999.9 999.9 999.9 999.9 999.9  36.0  25.0 999.9 999.9 999.9 999.9 999.9 999.9   0.0   4.0   0.0
108  999.9 999.9 999.9 999.9 999.9 999.9 999.9 999.9 999.9 999.9 999.9 999.9 999.9 999.9 999.9 999.9 999.9 999.9   0.0   4.0   0.0
120  999.9 999.9 999.9 999.9 999.9 999.9 999.9 999.9 999.9 999.9  36.0  26.0 999.9 999.9 999.9 999.9 999.9 999.9   0.0   4.0   0.0
132  999.9 999.9 999.9 999.9 999.9 999.9 999.9 999.9 999.9 999.9 999.9 999.9 999.9 999.9 999.9 999.9 999.9 999.9   0.0   4.0   0.0
144  999.9 999.9 999.9 999.9 999.9 999.9 999.9 999.9 999.9 999.9  35.0  26.0 999.9 999.9 999.9 999.9 999.9 999.9   1.0   4.0   0.0
156  999.9 999.9 999.9 999.9 999.9 999.9 999.9 999.9 999.9 999.9 999.9 999.9 999.9 999.9 999.9 999.9 999.9 999.9   1.0   4.0   0.0
168  999.9 999.9 999.9 999.9 999.9 999.9 999.9 999.9 999.9 999.9  35.0  25.0 999.9 999.9 999.9 999.9 999.9 999.9   0.0   4.0   0.0
54857 120.20 36.04   77.2  14  21
12  999.9 999.9 999.9 999.9 999.9 999.9 999.9 999.9 999.9 999.9 999.9 999.9 999.9 999.9 999.9 999.9 999.9 999.9   1.0   4.0   1.0
24  999.9 999.9 999.9 999.9 999.9 999.9 999.9 999.9 999.9 999.9  23.0  19.0 999.9 999.9 999.9 999.9 999.9 999.9   2.0   4.0   1.0
36  999.9 999.9 999.9 999.9 999.9 999.9 999.9 999.9 999.9 999.9 999.9 999.9 999.9 999.9 999.9 999.9 999.9 999.9   1.0   4.0   1.0
48  999.9 999.9 999.9 999.9 999.9 999.9 999.9 999.9 999.9 999.9  28.0  20.0 999.9 999.9 999.9 999.9 999.9 999.9   0.0   8.0   1.0
60  999.9 999.9 999.9 999.9 999.9 999.9 999.9 999.9 999.9 999.9 999.9 999.9 999.9 999.9 999.9 999.9 999.9 999.9   0.0   4.0   1.0
72  999.9 999.9 999.9 999.9 999.9 999.9 999.9 999.9 999.9 999.9  26.0  20.0 999.9 999.9 999.9 999.9 999.9 999.9   1.0   4.0   1.0
84  999.9 999.9 999.9 999.9 999.9 999.9 999.9 999.9 999.9 999.9 999.9 999.9 999.9 999.9 999.9 999.9 999.9 999.9   1.0   4.0   1.0
96  999.9 999.9 999.9 999.9 999.9 999.9 999.9 999.9 999.9 999.9  26.0  21.0 999.9 999.9 999.9 999.9 999.9 999.9   1.0   4.0   1.0
108  999.9 999.9 999.9 999.9 999.9 999.9 999.9 999.9 999.9 999.9 999.9 999.9 999.9 999.9 999.9 999.9 999.9 999.9   1.0   4.0   1.0
120  999.9 999.9 999.9 999.9 999.9 999.9 999.9 999.9 999.9 999.9  26.0  20.0 999.9 999.9 999.9 999.9 999.9 999.9   0.0   4.0   1.0
132  999.9 999.9 999.9 999.9 999.9 999.9 999.9 999.9 999.9 999.9 999.9 999.9 999.9 999.9 999.9 999.9 999.9 999.9   0.0   4.0   1.0
144  999.9 999.9 999.9 999.9 999.9 999.9 999.9 999.9 999.9 999.9  26.0  20.0 999.9 999.9 999.9 999.9 999.9 999.9   1.0   4.0   1.0
156  999.9 999.9 999.9 999.9 999.9 999.9 999.9 999.9 999.9 999.9 999.9 999.9 999.9 999.9 999.9 999.9 999.9 999.9   1.0   4.0   1.0
168  999.9 999.9 999.9 999.9 999.9 999.9 999.9 999.9 999.9 999.9  25.0  21.0 999.9 999.9 999.9 999.9 999.9 999.9   1.0   4.0   2.0
NNNN
