ZCZC
FSCI50 BELS 180730 
2018061812时西藏拉萨站预报
SPCC 2018061812
1
55591 91.14 29.66 3648.9 14 21
12 999.9  999.9  999.9  999.9  999.9  999.9  999.9  999.9  999.9  999.9  999.9  999.9  999.9  999.9  999.9  999.9  999.9  999.9      3      0      0
24 999.9  999.9  999.9  999.9  999.9  999.9  999.9  999.9  999.9  999.9     26     13  999.9  999.9  999.9  999.9  999.9  999.9      1      0      0
36 999.9  999.9  999.9  999.9  999.9  999.9  999.9  999.9  999.9  999.9  999.9  999.9  999.9  999.9  999.9  999.9  999.9  999.9      0      0      0
48 999.9  999.9  999.9  999.9  999.9  999.9  999.9  999.9  999.9  999.9     27     13  999.9  999.9  999.9  999.9  999.9  999.9      1      0      0
60 999.9  999.9  999.9  999.9  999.9  999.9  999.9  999.9  999.9  999.9  999.9  999.9  999.9  999.9  999.9  999.9  999.9  999.9      1      0      0
72 999.9  999.9  999.9  999.9  999.9  999.9  999.9  999.9  999.9  999.9     26     12  999.9  999.9  999.9  999.9  999.9  999.9      3      0      0
84 999.9  999.9  999.9  999.9  999.9  999.9  999.9  999.9  999.9  999.9  999.9  999.9  999.9  999.9  999.9  999.9  999.9  999.9      7      0      0
96 999.9  999.9  999.9  999.9  999.9  999.9  999.9  999.9  999.9  999.9     25     13  999.9  999.9  999.9  999.9  999.9  999.9      7      0      0
108 999.9  999.9  999.9  999.9  999.9  999.9  999.9  999.9  999.9  999.9  999.9  999.9  999.9  999.9  999.9  999.9  999.9  999.9      1      0      0
120 999.9  999.9  999.9  999.9  999.9  999.9  999.9  999.9  999.9  999.9     26     13  999.9  999.9  999.9  999.9  999.9  999.9      7      0      0
132 999.9  999.9  999.9  999.9  999.9  999.9  999.9  999.9  999.9  999.9  999.9  999.9  999.9  999.9  999.9  999.9  999.9  999.9      7      0      0
144 999.9  999.9  999.9  999.9  999.9  999.9  999.9  999.9  999.9  999.9     28     13  999.9  999.9  999.9  999.9  999.9  999.9      2      0      0
156 999.9  999.9  999.9  999.9  999.9  999.9  999.9  999.9  999.9  999.9  999.9  999.9  999.9  999.9  999.9  999.9  999.9  999.9      7      0      0
168 999.9  999.9  999.9  999.9  999.9  999.9  999.9  999.9  999.9  999.9     27     14  999.9  999.9  999.9  999.9  999.9  999.9      2      0      0
NNNN
