ZCZC
FSCI50 BEZZ 180730 
2018061812时河南省气象台订正预报产品
SPCC    2018061812
1
57083  113.65   34.72   110.40   14    21
12 999.9 999.9 999.9 999.9 999.9 999.9 999.9 999.9 999.9 999.9 999.9 999.9 999.9 999.9 999.9   8.4 100.0 999.9   7.0   6.0   0.0
24 999.9 999.9 999.9 999.9 999.9 999.9 999.9 999.9 999.9 999.9  33.0  20.0 999.9 999.9   8.4   0.0  38.0 999.9   1.0   1.0   0.0
36 999.9 999.9 999.9 999.9 999.9 999.9 999.9 999.9 999.9 999.9 999.9 999.9 999.9 999.9 999.9   0.0  88.0 999.9   1.0   8.0   0.0
48 999.9 999.9 999.9 999.9 999.9 999.9 999.9 999.9 999.9 999.9  35.0  23.0 999.9 999.9   0.0   0.0  63.0 999.9   0.0   1.0   0.0
60 999.9 999.9 999.9 999.9 999.9 999.9 999.9 999.9 999.9 999.9 999.9 999.9 999.9 999.9 999.9   0.0  91.0 999.9   0.0   4.0   0.0
72 999.9 999.9 999.9 999.9 999.9 999.9 999.9 999.9 999.9 999.9  35.0  23.0 999.9 999.9   0.0   0.0  97.0 999.9   1.0   4.0   0.0
84 999.9 999.9 999.9 999.9 999.9 999.9 999.9 999.9 999.9 999.9 999.9 999.9 999.9 999.9 999.9   0.0  90.0 999.9   0.0   4.0   0.0
96 999.9 999.9 999.9 999.9 999.9 999.9 999.9 999.9 999.9 999.9  35.0  23.0 999.9 999.9   0.0   0.0   0.0 999.9   0.0   4.0   0.0
108 999.9 999.9 999.9 999.9 999.9 999.9 999.9 999.9 999.9 999.9 999.9 999.9 999.9 999.9 999.9   0.0  78.0 999.9   0.0   4.0   0.0
120 999.9 999.9 999.9 999.9 999.9 999.9 999.9 999.9 999.9 999.9  36.0  23.0 999.9 999.9   0.0   0.0  91.0 999.9   0.0   4.0   0.0
132 999.9 999.9 999.9 999.9 999.9 999.9 999.9 999.9 999.9 999.9 999.9 999.9 999.9 999.9 999.9   0.0  85.0 999.9   1.0   4.0   0.0
144 999.9 999.9 999.9 999.9 999.9 999.9 999.9 999.9 999.9 999.9  36.0  24.0 999.9 999.9   0.0   0.0  81.0 999.9   1.0   4.0   0.0
156 999.9 999.9 999.9 999.9 999.9 999.9 999.9 999.9 999.9 999.9 999.9 999.9 999.9 999.9 999.9   0.9  93.0 999.9   1.0   4.0   0.0
168 999.9 999.9 999.9 999.9 999.9 999.9 999.9 999.9 999.9 999.9  35.0  25.0 999.9 999.9   1.9   1.0  96.0 999.9   1.0   4.0   0.0
NNNN
