ZCZC
FSCI50 BCWH 180730 
2018061812时武汉市气象台订正预报产品
SPCC 2018061812
1
57494   114.13   30.62    23.1  14  21
12 999.9 999.9 999.9 999.9 999.9 999.9 999.9 999.9 999.9 999.9 999.9 999.9 999.9 999.9 999.9 999.9 999.9 999.9  22.0   0.0   0.0
24 999.9 999.9 999.9 999.9 999.9 999.9 999.9 999.9 999.9 999.9  28.3  25.6 999.9 999.9 999.9 999.9 999.9 999.9  22.0   0.0   0.0
36 999.9 999.9 999.9 999.9 999.9 999.9 999.9 999.9 999.9 999.9 999.9 999.9 999.9 999.9 999.9 999.9 999.9 999.9   7.0   0.0   0.0
48 999.9 999.9 999.9 999.9 999.9 999.9 999.9 999.9 999.9 999.9  30.0  22.6 999.9 999.9 999.9 999.9 999.9 999.9   2.0   0.0   0.0
60 999.9 999.9 999.9 999.9 999.9 999.9 999.9 999.9 999.9 999.9 999.9 999.9 999.9 999.9 999.9 999.9 999.9 999.9   2.0   0.0   0.0
72 999.9 999.9 999.9 999.9 999.9 999.9 999.9 999.9 999.9 999.9  31.0  23.0 999.9 999.9 999.9 999.9 999.9 999.9   1.0   0.0   0.0
84 999.9 999.9 999.9 999.9 999.9 999.9 999.9 999.9 999.9 999.9 999.9 999.9 999.9 999.9 999.9 999.9 999.9 999.9   1.0   0.0   0.0
96 999.9 999.9 999.9 999.9 999.9 999.9 999.9 999.9 999.9 999.9  32.0  22.5 999.9 999.9 999.9 999.9 999.9 999.9   2.0   0.0   0.0
108 999.9 999.9 999.9 999.9 999.9 999.9 999.9 999.9 999.9 999.9 999.9 999.9 999.9 999.9 999.9 999.9 999.9 999.9   3.0   0.0   0.0
120 999.9 999.9 999.9 999.9 999.9 999.9 999.9 999.9 999.9 999.9  31.7  22.8 999.9 999.9 999.9 999.9 999.9 999.9   3.0   0.0   0.0
132 999.9 999.9 999.9 999.9 999.9 999.9 999.9 999.9 999.9 999.9 999.9 999.9 999.9 999.9 999.9 999.9 999.9 999.9   8.0   0.0   0.0
144 999.9 999.9 999.9 999.9 999.9 999.9 999.9 999.9 999.9 999.9  31.0  24.0 999.9 999.9 999.9 999.9 999.9 999.9   7.0   0.0   0.0
156 999.9 999.9 999.9 999.9 999.9 999.9 999.9 999.9 999.9 999.9 999.9 999.9 999.9 999.9 999.9 999.9 999.9 999.9   7.0   0.0   0.0
168 999.9 999.9 999.9 999.9 999.9 999.9 999.9 999.9 999.9 999.9  31.0  24.2 999.9 999.9 999.9 999.9 999.9 999.9   2.0   0.0   0.0
NNNN
