ZCZC
FSCI50 BENC 180730 CCA
2018061812时江西省订正预报产品
SPCC 2018061812
1
58606  115.92   28.60   46.90   14    21
12 999.9 999.9 999.9 999.9 999.9 999.9 999.9 999.9 999.9 999.9 999.9 999.9 999.9 999.9 999.9 999.9 999.9 999.9   0.0   4.0   0.0
24 999.9 999.9 999.9 999.9 999.9 999.9 999.9 999.9 999.9 999.9  35.0  26.0 999.9 999.9 999.9 999.9 999.9 999.9   4.0   5.0   0.0
36 999.9 999.9 999.9 999.9 999.9 999.9 999.9 999.9 999.9 999.9 999.9 999.9 999.9 999.9 999.9 999.9 999.9 999.9  23.0   5.0   1.0
48 999.9 999.9 999.9 999.9 999.9 999.9 999.9 999.9 999.9 999.9  29.0  25.0 999.9 999.9 999.9 999.9 999.9 999.9  21.0   8.0   0.0
60 999.9 999.9 999.9 999.9 999.9 999.9 999.9 999.9 999.9 999.9 999.9 999.9 999.9 999.9 999.9 999.9 999.9 999.9   7.0   8.0   0.0
72 999.9 999.9 999.9 999.9 999.9 999.9 999.9 999.9 999.9 999.9  30.0  24.0 999.9 999.9 999.9 999.9 999.9 999.9   7.0   1.0   0.0
84 999.9 999.9 999.9 999.9 999.9 999.9 999.9 999.9 999.9 999.9 999.9 999.9 999.9 999.9 999.9 999.9 999.9 999.9   2.0   1.0   0.0
96 999.9 999.9 999.9 999.9 999.9 999.9 999.9 999.9 999.9 999.9  30.0  26.0 999.9 999.9 999.9 999.9 999.9 999.9   4.0   3.0   0.0
108 999.9 999.9 999.9 999.9 999.9 999.9 999.9 999.9 999.9 999.9 999.9 999.9 999.9 999.9 999.9 999.9 999.9 999.9  21.0   5.0   0.0
120 999.9 999.9 999.9 999.9 999.9 999.9 999.9 999.9 999.9 999.9  31.0  25.0 999.9 999.9 999.9 999.9 999.9 999.9  22.0   4.0   0.0
132 999.9 999.9 999.9 999.9 999.9 999.9 999.9 999.9 999.9 999.9 999.9 999.9 999.9 999.9 999.9 999.9 999.9 999.9   7.0   3.0   0.0
144 999.9 999.9 999.9 999.9 999.9 999.9 999.9 999.9 999.9 999.9  31.0  25.0 999.9 999.9 999.9 999.9 999.9 999.9   7.0   4.0   0.0
156 999.9 999.9 999.9 999.9 999.9 999.9 999.9 999.9 999.9 999.9 999.9 999.9 999.9 999.9 999.9 999.9 999.9 999.9   1.0   4.0   0.0
168 999.9 999.9 999.9 999.9 999.9 999.9 999.9 999.9 999.9 999.9  32.0  26.0 999.9 999.9 999.9 999.9 999.9 999.9   7.0   4.0   0.0
NNNN
