ZCZC
FSCI50 BEHF 180730 
2018061812时合肥市订正预报产品
SPCC    2018061812
1
58321 117.23 31.87   36.5  14  21
12  999.9 999.9 999.9 999.9 999.9 999.9 999.9 999.9 999.9 999.9 999.9 999.9 999.9 999.9 999.9 999.9 999.9 999.9 4.0   2.0   0.0
24  999.9 999.9 999.9 999.9 999.9 999.9 999.9 999.9 999.9 999.9 27.0  24.0  999.9 999.9 999.9 999.9 999.9 999.9 8.0   2.0   0.0
36  999.9 999.9 999.9 999.9 999.9 999.9 999.9 999.9 999.9 999.9 999.9 999.9 999.9 999.9 999.9 999.9 999.9 999.9 9.0   2.0   0.0
48  999.9 999.9 999.9 999.9 999.9 999.9 999.9 999.9 999.9 999.9 29.0  22.0  999.9 999.9 999.9 999.9 999.9 999.9 4.0   1.0   0.0
60  999.9 999.9 999.9 999.9 999.9 999.9 999.9 999.9 999.9 999.9 999.9 999.9 999.9 999.9 999.9 999.9 999.9 999.9 1.0   2.0   0.0
72  999.9 999.9 999.9 999.9 999.9 999.9 999.9 999.9 999.9 999.9 31.0  21.0  999.9 999.9 999.9 999.9 999.9 999.9 1.0   2.0   0.0
84  999.9 999.9 999.9 999.9 999.9 999.9 999.9 999.9 999.9 999.9 999.9 999.9 999.9 999.9 999.9 999.9 999.9 999.9 1.0   0.0   0.0
96  999.9 999.9 999.9 999.9 999.9 999.9 999.9 999.9 999.9 999.9 30.0  22.0  999.9 999.9 999.9 999.9 999.9 999.9 1.0   0.0   0.0
108 999.9 999.9 999.9 999.9 999.9 999.9 999.9 999.9 999.9 999.9 999.9 999.9 999.9 999.9 999.9 999.9 999.9 999.9 0.0   0.0   0.0
120 999.9 999.9 999.9 999.9 999.9 999.9 999.9 999.9 999.9 999.9 31.0  21.0  999.9 999.9 999.9 999.9 999.9 999.9 0.0   0.0   0.0
132 999.9 999.9 999.9 999.9 999.9 999.9 999.9 999.9 999.9 999.9 999.9 999.9 999.9 999.9 999.9 999.9 999.9 999.9 1.0   0.0   0.0
144 999.9 999.9 999.9 999.9 999.9 999.9 999.9 999.9 999.9 999.9 33.0  23.0  999.9 999.9 999.9 999.9 999.9 999.9 4.0   0.0   0.0
156 999.9 999.9 999.9 999.9 999.9 999.9 999.9 999.9 999.9 999.9 999.9 999.9 999.9 999.9 999.9 999.9 999.9 999.9 1.0   0.0   0.0
168 999.9 999.9 999.9 999.9 999.9 999.9 999.9 999.9 999.9 999.9 32.0  24.0  999.9 999.9 999.9 999.9 999.9 999.9 4.0   0.0   0.0
NNNN
