ZCZC
FSCI50 BCSY 180730 
2018061812时沈阳区域中心预报产品
SPCC  2018061812
1
54342  123.51   41.73  49.5   14   21
12  999.9  999.9  999.9  999.9  999.9  999.9  999.9  999.9  999.9  999.9  999.9  999.9  999.9  999.9  999.9  999.9  999.9  999.9   21.0    5.0    1.0
24  999.9  999.9  999.9  999.9  999.9  999.9  999.9  999.9  999.9  999.9   26.0   18.0  999.9  999.9  999.9  999.9  999.9  999.9    4.0    5.0    1.0
36  999.9  999.9  999.9  999.9  999.9  999.9  999.9  999.9  999.9  999.9  999.9  999.9  999.9  999.9  999.9  999.9  999.9  999.9    0.0    5.0    0.0
48  999.9  999.9  999.9  999.9  999.9  999.9  999.9  999.9  999.9  999.9   28.0   17.0  999.9  999.9  999.9  999.9  999.9  999.9    0.0    8.0    1.0
60  999.9  999.9  999.9  999.9  999.9  999.9  999.9  999.9  999.9  999.9  999.9  999.9  999.9  999.9  999.9  999.9  999.9  999.9    0.0    8.0    0.0
72  999.9  999.9  999.9  999.9  999.9  999.9  999.9  999.9  999.9  999.9   30.0   15.0  999.9  999.9  999.9  999.9  999.9  999.9    0.0    5.0    0.0
84  999.9  999.9  999.9  999.9  999.9  999.9  999.9  999.9  999.9  999.9  999.9  999.9  999.9  999.9  999.9  999.9  999.9  999.9    0.0    5.0    0.0
96  999.9  999.9  999.9  999.9  999.9  999.9  999.9  999.9  999.9  999.9   28.0   19.0  999.9  999.9  999.9  999.9  999.9  999.9    1.0    5.0    1.0
108  999.9  999.9  999.9  999.9  999.9  999.9  999.9  999.9  999.9  999.9  999.9  999.9  999.9  999.9  999.9  999.9  999.9  999.9    1.0    5.0    0.0
120  999.9  999.9  999.9  999.9  999.9  999.9  999.9  999.9  999.9  999.9   30.0   19.0  999.9  999.9  999.9  999.9  999.9  999.9    0.0    1.0    0.0
132  999.9  999.9  999.9  999.9  999.9  999.9  999.9  999.9  999.9  999.9  999.9  999.9  999.9  999.9  999.9  999.9  999.9  999.9    0.0    1.0    0.0
144  999.9  999.9  999.9  999.9  999.9  999.9  999.9  999.9  999.9  999.9   30.0   20.0  999.9  999.9  999.9  999.9  999.9  999.9    0.0    5.0    1.0
156  999.9  999.9  999.9  999.9  999.9  999.9  999.9  999.9  999.9  999.9  999.9  999.9  999.9  999.9  999.9  999.9  999.9  999.9    0.0    5.0    0.0
168  999.9  999.9  999.9  999.9  999.9  999.9  999.9  999.9  999.9  999.9   30.0   21.0  999.9  999.9  999.9  999.9  999.9  999.9    0.0    5.0    1.0
NNNN
