ZCZC
FSCI50 BETJ 180730 
2018061812时天津订正城镇预报产品
SPCC 2018061812
2
54517 117.2 39.07 5.0 14 21
12 999.9  999.9  999.9  999.9  999.9  999.9  999.9  999.9  999.9  999.9  999.9  999.9  999.9  999.9  999.9  999.9  999.9  999.9    4.0    4.0    0.0
24 999.9  999.9  999.9  999.9  999.9  999.9  999.9  999.9  999.9  999.9   31.0   21.0  999.9  999.9  999.9  999.9  999.9  999.9    1.0    1.0    0.0
36 999.9  999.9  999.9  999.9  999.9  999.9  999.9  999.9  999.9  999.9  999.9  999.9  999.9  999.9  999.9  999.9  999.9  999.9    0.0    7.0    0.0
48 999.9  999.9  999.9  999.9  999.9  999.9  999.9  999.9  999.9  999.9   34.0   22.0  999.9  999.9  999.9  999.9  999.9  999.9    0.0    8.0    0.0
60 999.9  999.9  999.9  999.9  999.9  999.9  999.9  999.9  999.9  999.9  999.9  999.9  999.9  999.9  999.9  999.9  999.9  999.9    0.0    4.0    0.0
72 999.9  999.9  999.9  999.9  999.9  999.9  999.9  999.9  999.9  999.9   35.0   23.0  999.9  999.9  999.9  999.9  999.9  999.9    1.0    5.0    1.0
84 999.9  999.9  999.9  999.9  999.9  999.9  999.9  999.9  999.9  999.9  999.9  999.9  999.9  999.9  999.9  999.9  999.9  999.9    2.0    5.0    0.0
96 999.9  999.9  999.9  999.9  999.9  999.9  999.9  999.9  999.9  999.9   31.0   24.0  999.9  999.9  999.9  999.9  999.9  999.9    2.0    5.0    1.0
108 999.9  999.9  999.9  999.9  999.9  999.9  999.9  999.9  999.9  999.9  999.9  999.9  999.9  999.9  999.9  999.9  999.9  999.9    1.0    1.0    0.0
120 999.9  999.9  999.9  999.9  999.9  999.9  999.9  999.9  999.9  999.9   31.0   22.0  999.9  999.9  999.9  999.9  999.9  999.9    2.0    1.0    1.0
132 999.9  999.9  999.9  999.9  999.9  999.9  999.9  999.9  999.9  999.9  999.9  999.9  999.9  999.9  999.9  999.9  999.9  999.9    2.0    3.0    0.0
144 999.9  999.9  999.9  999.9  999.9  999.9  999.9  999.9  999.9  999.9   30.0   23.0  999.9  999.9  999.9  999.9  999.9  999.9    2.0    3.0    1.0
156 999.9  999.9  999.9  999.9  999.9  999.9  999.9  999.9  999.9  999.9  999.9  999.9  999.9  999.9  999.9  999.9  999.9  999.9    2.0    3.0    1.0
168 999.9  999.9  999.9  999.9  999.9  999.9  999.9  999.9  999.9  999.9   32.0   23.0  999.9  999.9  999.9  999.9  999.9  999.9    1.0    3.0    2.0
54623 117.72 39.05 4.8 14 21
12 999.9  999.9  999.9  999.9  999.9  999.9  999.9  999.9  999.9  999.9  999.9  999.9  999.9  999.9  999.9  999.9  999.9  999.9    8.0    4.0    0.0
24 999.9  999.9  999.9  999.9  999.9  999.9  999.9  999.9  999.9  999.9   27.0   20.0  999.9  999.9  999.9  999.9  999.9  999.9    2.0    1.0    0.0
36 999.9  999.9  999.9  999.9  999.9  999.9  999.9  999.9  999.9  999.9  999.9  999.9  999.9  999.9  999.9  999.9  999.9  999.9    0.0    7.0    0.0
48 999.9  999.9  999.9  999.9  999.9  999.9  999.9  999.9  999.9  999.9   32.0   20.0  999.9  999.9  999.9  999.9  999.9  999.9    0.0    8.0    0.0
60 999.9  999.9  999.9  999.9  999.9  999.9  999.9  999.9  999.9  999.9  999.9  999.9  999.9  999.9  999.9  999.9  999.9  999.9    0.0    4.0    0.0
72 999.9  999.9  999.9  999.9  999.9  999.9  999.9  999.9  999.9  999.9   33.0   23.0  999.9  999.9  999.9  999.9  999.9  999.9    1.0    5.0    0.0
84 999.9  999.9  999.9  999.9  999.9  999.9  999.9  999.9  999.9  999.9  999.9  999.9  999.9  999.9  999.9  999.9  999.9  999.9    2.0    5.0    0.0
96 999.9  999.9  999.9  999.9  999.9  999.9  999.9  999.9  999.9  999.9   31.0   24.0  999.9  999.9  999.9  999.9  999.9  999.9    2.0    5.0    0.0
108 999.9  999.9  999.9  999.9  999.9  999.9  999.9  999.9  999.9  999.9  999.9  999.9  999.9  999.9  999.9  999.9  999.9  999.9    1.0    1.0    0.0
120 999.9  999.9  999.9  999.9  999.9  999.9  999.9  999.9  999.9  999.9   29.0   21.0  999.9  999.9  999.9  999.9  999.9  999.9    2.0    1.0    0.0
132 999.9  999.9  999.9  999.9  999.9  999.9  999.9  999.9  999.9  999.9  999.9  999.9  999.9  999.9  999.9  999.9  999.9  999.9    2.0    3.0    0.0
144 999.9  999.9  999.9  999.9  999.9  999.9  999.9  999.9  999.9  999.9   29.0   21.0  999.9  999.9  999.9  999.9  999.9  999.9    2.0    3.0    0.0
156 999.9  999.9  999.9  999.9  999.9  999.9  999.9  999.9  999.9  999.9  999.9  999.9  999.9  999.9  999.9  999.9  999.9  999.9    2.0    3.0    0.0
168 999.9  999.9  999.9  999.9  999.9  999.9  999.9  999.9  999.9  999.9   31.0   22.0  999.9  999.9  999.9  999.9  999.9  999.9    1.0    3.0    0.0
NNNN
