ZCZC
FSCI50 BEYC 180730 
2018061812时宁夏气象台订正预报产品
SPCC 2018061812
1
53614   106.20   38.47  1110.9   14   21
12 999.9 999.9 999.9 999.9 999.9 999.9 999.9 999.9 999.9 999.9 999.9 999.9 999.9 999.9 999.9 999.9 999.9 999.9  1.0 0.0 0.0
24 999.9 999.9 999.9 999.9 999.9 999.9 999.9 999.9 999.9 999.9  30.5  18.4 999.9 999.9 999.9 999.9 999.9 999.9  1.0 0.0 0.0
36 999.9 999.9 999.9 999.9 999.9 999.9 999.9 999.9 999.9 999.9 999.9 999.9 999.9 999.9 999.9 999.9 999.9 999.9  1.0 0.0 0.0
48 999.9 999.9 999.9 999.9 999.9 999.9 999.9 999.9 999.9 999.9  32.0  20.3 999.9 999.9 999.9 999.9 999.9 999.9  1.0 4.0 1.0
60 999.9 999.9 999.9 999.9 999.9 999.9 999.9 999.9 999.9 999.9 999.9 999.9 999.9 999.9 999.9 999.9 999.9 999.9  1.0 4.0 1.0
72 999.9 999.9 999.9 999.9 999.9 999.9 999.9 999.9 999.9 999.9  32.1  21.4 999.9 999.9 999.9 999.9 999.9 999.9  1.0 8.0 1.0
84 999.9 999.9 999.9 999.9 999.9 999.9 999.9 999.9 999.9 999.9 999.9 999.9 999.9 999.9 999.9 999.9 999.9 999.9  1.0 0.0 0.0
96 999.9 999.9 999.9 999.9 999.9 999.9 999.9 999.9 999.9 999.9  33.3  21.2 999.9 999.9 999.9 999.9 999.9 999.9  1.0 0.0 0.0
108 999.9 999.9 999.9 999.9 999.9 999.9 999.9 999.9 999.9 999.9 999.9 999.9 999.9 999.9 999.9 999.9 999.9 999.9  0.0 0.0 0.0
120 999.9 999.9 999.9 999.9 999.9 999.9 999.9 999.9 999.9 999.9  30.1  20.5 999.9 999.9 999.9 999.9 999.9 999.9  4.0 0.0 0.0
132 999.9 999.9 999.9 999.9 999.9 999.9 999.9 999.9 999.9 999.9 999.9 999.9 999.9 999.9 999.9 999.9 999.9 999.9  7.0 0.0 0.0
144 999.9 999.9 999.9 999.9 999.9 999.9 999.9 999.9 999.9 999.9  30.0  20.4 999.9 999.9 999.9 999.9 999.9 999.9  2.0 0.0 0.0
156 999.9 999.9 999.9 999.9 999.9 999.9 999.9 999.9 999.9 999.9 999.9 999.9 999.9 999.9 999.9 999.9 999.9 999.9  1.0 0.0 0.0
168 999.9 999.9 999.9 999.9 999.9 999.9 999.9 999.9 999.9 999.9  29.5  19.0 999.9 999.9 999.9 999.9 999.9 999.9  0.0 0.0 0.0
NNNN
