ZCZC
FSCI50 BEHT 180730 
2018061812时呼和浩特市气象台预报产品
SPCC 2018061812
1
53463 111.68 40.82 1065.0 14 21
12 999.9 999.9 999.9 999.9 999.9 999.9 999.9 999.9 999.9 999.9 999.9 999.9 999.9 999.9 999.9 999.9 999.9 999.9  0.0 1.0 0.0
24 999.9 999.9 999.9 999.9 999.9 999.9 999.9 999.9 999.9 999.9  29.0  16.0 999.9 999.9 999.9 999.9 999.9 999.9  1.0 1.0 0.0
36 999.9 999.9 999.9 999.9 999.9 999.9 999.9 999.9 999.9 999.9 999.9 999.9 999.9 999.9 999.9 999.9 999.9 999.9  0.0 2.0 0.0
48 999.9 999.9 999.9 999.9 999.9 999.9 999.9 999.9 999.9 999.9  30.0  15.0 999.9 999.9 999.9 999.9 999.9 999.9  0.0 2.0 0.0
60 999.9 999.9 999.9 999.9 999.9 999.9 999.9 999.9 999.9 999.9 999.9 999.9 999.9 999.9 999.9 999.9 999.9 999.9  2.0 3.0 0.0
72 999.9 999.9 999.9 999.9 999.9 999.9 999.9 999.9 999.9 999.9  28.0  17.0 999.9 999.9 999.9 999.9 999.9 999.9  2.0 3.0 1.0
84 999.9 999.9 999.9 999.9 999.9 999.9 999.9 999.9 999.9 999.9 999.9 999.9 999.9 999.9 999.9 999.9 999.9 999.9  2.0 5.0 0.0
96 999.9 999.9 999.9 999.9 999.9 999.9 999.9 999.9 999.9 999.9  31.0  17.0 999.9 999.9 999.9 999.9 999.9 999.9  2.0 5.0 0.0
108 999.9 999.9 999.9 999.9 999.9 999.9 999.9 999.9 999.9 999.9 999.9 999.9 999.9 999.9 999.9 999.9 999.9 999.9  1.0 5.0 0.0
120 999.9 999.9 999.9 999.9 999.9 999.9 999.9 999.9 999.9 999.9  31.0  17.0 999.9 999.9 999.9 999.9 999.9 999.9  7.0 5.0 0.0
132 999.9 999.9 999.9 999.9 999.9 999.9 999.9 999.9 999.9 999.9 999.9 999.9 999.9 999.9 999.9 999.9 999.9 999.9  8.0 5.0 0.0
144 999.9 999.9 999.9 999.9 999.9 999.9 999.9 999.9 999.9 999.9  31.0  20.0 999.9 999.9 999.9 999.9 999.9 999.9  2.0 5.0 0.0
156 999.9 999.9 999.9 999.9 999.9 999.9 999.9 999.9 999.9 999.9 999.9 999.9 999.9 999.9 999.9 999.9 999.9 999.9  0.0 6.0 0.0
168 999.9 999.9 999.9 999.9 999.9 999.9 999.9 999.9 999.9 999.9  27.0  18.0 999.9 999.9 999.9 999.9 999.9 999.9  0.0 6.0 0.0
NNNN
