ZCZC
FSCI50 BEGY 180730 
2018061812时贵州省订正预报产品
SPCC 2018061812
1
57816 106.73 26.58 1223.8 14 21
12 999.9 999.9 999.9 999.9 999.9 999.9 999.9 999.9 999.9 999.9 999.9 999.9 999.9 999.9 999.9 999.9 999.9 999.9   3.0   4.0   0.0
24 999.9 999.9 999.9 999.9 999.9 999.9 999.9 999.9 999.9 999.9  25.0  21.0 999.9 999.9 999.9 999.9 999.9 999.9   3.0   4.0   0.0
36 999.9 999.9 999.9 999.9 999.9 999.9 999.9 999.9 999.9 999.9 999.9 999.9 999.9 999.9 999.9 999.9 999.9 999.9   8.0   4.0   0.0
48 999.9 999.9 999.9 999.9 999.9 999.9 999.9 999.9 999.9 999.9  26.0  21.0 999.9 999.9 999.9 999.9 999.9 999.9   3.0   4.0   0.0
60 999.9 999.9 999.9 999.9 999.9 999.9 999.9 999.9 999.9 999.9 999.9 999.9 999.9 999.9 999.9 999.9 999.9 999.9   3.0   4.0   0.0
72 999.9 999.9 999.9 999.9 999.9 999.9 999.9 999.9 999.9 999.9  25.0  21.0 999.9 999.9 999.9 999.9 999.9 999.9   8.0   4.0   0.0
84 999.9 999.9 999.9 999.9 999.9 999.9 999.9 999.9 999.9 999.9 999.9 999.9 999.9 999.9 999.9 999.9 999.9 999.9   9.0   2.0   0.0
96 999.9 999.9 999.9 999.9 999.9 999.9 999.9 999.9 999.9 999.9  23.0  20.0 999.9 999.9 999.9 999.9 999.9 999.9   3.0   2.0   0.0
108 999.9 999.9 999.9 999.9 999.9 999.9 999.9 999.9 999.9 999.9 999.9 999.9 999.9 999.9 999.9 999.9 999.9 999.9   3.0   1.0   0.0
120 999.9 999.9 999.9 999.9 999.9 999.9 999.9 999.9 999.9 999.9  25.0  20.0 999.9 999.9 999.9 999.9 999.9 999.9   3.0   1.0   0.0
132 999.9 999.9 999.9 999.9 999.9 999.9 999.9 999.9 999.9 999.9 999.9 999.9 999.9 999.9 999.9 999.9 999.9 999.9   3.0   4.0   0.0
144 999.9 999.9 999.9 999.9 999.9 999.9 999.9 999.9 999.9 999.9  24.0  21.0 999.9 999.9 999.9 999.9 999.9 999.9   3.0   4.0   0.0
156 999.9 999.9 999.9 999.9 999.9 999.9 999.9 999.9 999.9 999.9 999.9 999.9 999.9 999.9 999.9 999.9 999.9 999.9   2.0   4.0   0.0
168 999.9 999.9 999.9 999.9 999.9 999.9 999.9 999.9 999.9 999.9  27.0  20.0 999.9 999.9 999.9 999.9 999.9 999.9   1.0   4.0   0.0
NNNN
