ZCZC
FSCI50 BEFZ 180730 
2018061812时福建省订正预报产品
SPCC    2018061812
4
58847   119.28   26.08    84.00     14     21
12 999.9 999.9 999.9 999.9 999.9 999.9 999.9 999.9 999.9 999.9 999.9 999.9 999.9 999.9 999.9   4.9 999.9 999.9   7.0   5.0   0.0
24 999.9 999.9 999.9 999.9 999.9 999.9 999.9 999.9 999.9 999.9  32.0  25.0 999.9 999.9 999.9   1.7 999.9 999.9   7.0   4.0   0.0
36 999.9 999.9 999.9 999.9 999.9 999.9 999.9 999.9 999.9 999.9 999.9 999.9 999.9 999.9 999.9   0.0 999.9 999.9   2.0   5.0   0.0
48 999.9 999.9 999.9 999.9 999.9 999.9 999.9 999.9 999.9 999.9  33.0  26.0 999.9 999.9 999.9   3.5 999.9 999.9   7.0   4.0   0.0
60 999.9 999.9 999.9 999.9 999.9 999.9 999.9 999.9 999.9 999.9 999.9 999.9 999.9 999.9 999.9   0.0 999.9 999.9   2.0   5.0   0.0
72 999.9 999.9 999.9 999.9 999.9 999.9 999.9 999.9 999.9 999.9  31.0  26.0 999.9 999.9 999.9  14.8 999.9 999.9   8.0   5.0   0.0
84 999.9 999.9 999.9 999.9 999.9 999.9 999.9 999.9 999.9 999.9 999.9 999.9 999.9 999.9 999.9   2.6 999.9 999.9   7.0   4.0   0.0
96 999.9 999.9 999.9 999.9 999.9 999.9 999.9 999.9 999.9 999.9  29.0  26.0 999.9 999.9 999.9   3.9 999.9 999.9   7.0   5.0   0.0
108 999.9 999.9 999.9 999.9 999.9 999.9 999.9 999.9 999.9 999.9 999.9 999.9 999.9 999.9 999.9   0.3 999.9 999.9   7.0   5.0   0.0
120 999.9 999.9 999.9 999.9 999.9 999.9 999.9 999.9 999.9 999.9  31.0  26.0 999.9 999.9 999.9   0.0 999.9 999.9   2.0   5.0   0.0
132 999.9 999.9 999.9 999.9 999.9 999.9 999.9 999.9 999.9 999.9 999.9 999.9 999.9 999.9 999.9   0.0 999.9 999.9   1.0   5.0   0.0
144 999.9 999.9 999.9 999.9 999.9 999.9 999.9 999.9 999.9 999.9  35.0  26.0 999.9 999.9 999.9   1.9 999.9 999.9   7.0   4.0   0.0
156 999.9 999.9 999.9 999.9 999.9 999.9 999.9 999.9 999.9 999.9 999.9 999.9 999.9 999.9 999.9   0.0 999.9 999.9   1.0   4.0   0.0
168 999.9 999.9 999.9 999.9 999.9 999.9 999.9 999.9 999.9 999.9  34.0  26.0 999.9 999.9 999.9   2.0 999.9 999.9   7.0   4.0   0.0
59134   118.07   24.48    139.40     14     21
12 999.9 999.9 999.9 999.9 999.9 999.9 999.9 999.9 999.9 999.9 999.9 999.9 999.9 999.9 999.9  29.0 999.9 999.9   9.0   5.0   0.0
24 999.9 999.9 999.9 999.9 999.9 999.9 999.9 999.9 999.9 999.9  30.0  25.0 999.9 999.9 999.9   3.1 999.9 999.9   7.0   4.0   1.0
36 999.9 999.9 999.9 999.9 999.9 999.9 999.9 999.9 999.9 999.9 999.9 999.9 999.9 999.9 999.9   0.0 999.9 999.9   2.0   5.0   0.0
48 999.9 999.9 999.9 999.9 999.9 999.9 999.9 999.9 999.9 999.9  33.0  25.0 999.9 999.9 999.9   1.4 999.9 999.9   7.0   4.0   1.0
60 999.9 999.9 999.9 999.9 999.9 999.9 999.9 999.9 999.9 999.9 999.9 999.9 999.9 999.9 999.9   0.0 999.9 999.9   2.0   5.0   0.0
72 999.9 999.9 999.9 999.9 999.9 999.9 999.9 999.9 999.9 999.9  31.0  26.0 999.9 999.9 999.9   3.4 999.9 999.9   7.0   4.0   1.0
84 999.9 999.9 999.9 999.9 999.9 999.9 999.9 999.9 999.9 999.9 999.9 999.9 999.9 999.9 999.9   2.0 999.9 999.9   7.0   5.0   0.0
96 999.9 999.9 999.9 999.9 999.9 999.9 999.9 999.9 999.9 999.9  30.0  25.0 999.9 999.9 999.9   2.2 999.9 999.9   7.0   5.0   0.0
108 999.9 999.9 999.9 999.9 999.9 999.9 999.9 999.9 999.9 999.9 999.9 999.9 999.9 999.9 999.9   0.9 999.9 999.9   7.0   5.0   0.0
120 999.9 999.9 999.9 999.9 999.9 999.9 999.9 999.9 999.9 999.9  31.0  25.0 999.9 999.9 999.9   0.0 999.9 999.9   2.0   5.0   0.0
132 999.9 999.9 999.9 999.9 999.9 999.9 999.9 999.9 999.9 999.9 999.9 999.9 999.9 999.9 999.9   0.1 999.9 999.9   7.0   5.0   0.0
144 999.9 999.9 999.9 999.9 999.9 999.9 999.9 999.9 999.9 999.9  32.0  26.0 999.9 999.9 999.9   1.0 999.9 999.9   7.0   4.0   0.0
156 999.9 999.9 999.9 999.9 999.9 999.9 999.9 999.9 999.9 999.9 999.9 999.9 999.9 999.9 999.9   1.7 999.9 999.9   7.0   5.0   0.0
168 999.9 999.9 999.9 999.9 999.9 999.9 999.9 999.9 999.9 999.9  31.0  25.0 999.9 999.9 999.9   5.0 999.9 999.9   7.0   3.0   1.0
58968   121.50   25.00    9.00     14     21
12 999.9 999.9 999.9 999.9 999.9 999.9 999.9 999.9 999.9 999.9 999.9 999.9 999.9 999.9 999.9   1.2 999.9 999.9   7.0   5.0   1.0
24 999.9 999.9 999.9 999.9 999.9 999.9 999.9 999.9 999.9 999.9  30.0  26.0 999.9 999.9 999.9  19.4 999.9 999.9   8.0   5.0   3.0
36 999.9 999.9 999.9 999.9 999.9 999.9 999.9 999.9 999.9 999.9 999.9 999.9 999.9 999.9 999.9   0.5 999.9 999.9   7.0   5.0   2.0
48 999.9 999.9 999.9 999.9 999.9 999.9 999.9 999.9 999.9 999.9  33.0  26.0 999.9 999.9 999.9   0.0 999.9 999.9   2.0   5.0   3.0
60 999.9 999.9 999.9 999.9 999.9 999.9 999.9 999.9 999.9 999.9 999.9 999.9 999.9 999.9 999.9   0.0 999.9 999.9   2.0   5.0   0.0
72 999.9 999.9 999.9 999.9 999.9 999.9 999.9 999.9 999.9 999.9  34.0  27.0 999.9 999.9 999.9   0.8 999.9 999.9   4.0   5.0   3.0
84 999.9 999.9 999.9 999.9 999.9 999.9 999.9 999.9 999.9 999.9 999.9 999.9 999.9 999.9 999.9   0.2 999.9 999.9   7.0   0.0   0.0
96 999.9 999.9 999.9 999.9 999.9 999.9 999.9 999.9 999.9 999.9  32.0  27.0 999.9 999.9 999.9   1.3 999.9 999.9   7.0   5.0   2.0
108 999.9 999.9 999.9 999.9 999.9 999.9 999.9 999.9 999.9 999.9 999.9 999.9 999.9 999.9 999.9   0.0 999.9 999.9   2.0   0.0   0.0
120 999.9 999.9 999.9 999.9 999.9 999.9 999.9 999.9 999.9 999.9  33.0  26.0 999.9 999.9 999.9   0.0 999.9 999.9   2.0   5.0   2.0
132 999.9 999.9 999.9 999.9 999.9 999.9 999.9 999.9 999.9 999.9 999.9 999.9 999.9 999.9 999.9   0.0 999.9 999.9   2.0   0.0   0.0
144 999.9 999.9 999.9 999.9 999.9 999.9 999.9 999.9 999.9 999.9  33.0  26.0 999.9 999.9 999.9   0.6 999.9 999.9   4.0   4.0   2.0
156 999.9 999.9 999.9 999.9 999.9 999.9 999.9 999.9 999.9 999.9 999.9 999.9 999.9 999.9 999.9   0.0 999.9 999.9   1.0   0.0   0.0
168 999.9 999.9 999.9 999.9 999.9 999.9 999.9 999.9 999.9 999.9  32.0  26.0 999.9 999.9 999.9   1.5 999.9 999.9   4.0   5.0   2.0
58981   123.50   25.70    362.00     14     21
12 999.9 999.9 999.9 999.9 999.9 999.9 999.9 999.9 999.9 999.9 999.9 999.9 999.9 999.9 999.9   0.0 999.9 999.9   2.0   4.0   4.0
24 999.9 999.9 999.9 999.9 999.9 999.9 999.9 999.9 999.9 999.9  29.0  25.0 999.9 999.9 999.9   3.8 999.9 999.9   7.0   5.0   4.0
36 999.9 999.9 999.9 999.9 999.9 999.9 999.9 999.9 999.9 999.9 999.9 999.9 999.9 999.9 999.9   0.0 999.9 999.9   2.0   5.0   5.0
48 999.9 999.9 999.9 999.9 999.9 999.9 999.9 999.9 999.9 999.9  30.0  26.0 999.9 999.9 999.9   0.0 999.9 999.9   2.0   5.0   5.0
60 999.9 999.9 999.9 999.9 999.9 999.9 999.9 999.9 999.9 999.9 999.9 999.9 999.9 999.9 999.9   0.0 999.9 999.9   2.0   5.0   0.0
72 999.9 999.9 999.9 999.9 999.9 999.9 999.9 999.9 999.9 999.9  30.0  26.0 999.9 999.9 999.9   0.0 999.9 999.9   2.0   0.0   0.0
84 999.9 999.9 999.9 999.9 999.9 999.9 999.9 999.9 999.9 999.9 999.9 999.9 999.9 999.9 999.9   1.4 999.9 999.9   7.0   0.0   0.0
96 999.9 999.9 999.9 999.9 999.9 999.9 999.9 999.9 999.9 999.9  29.0  26.0 999.9 999.9 999.9   0.0 999.9 999.9   2.0   4.0   3.0
108 999.9 999.9 999.9 999.9 999.9 999.9 999.9 999.9 999.9 999.9 999.9 999.9 999.9 999.9 999.9   0.0 999.9 999.9   2.0   4.0   4.0
120 999.9 999.9 999.9 999.9 999.9 999.9 999.9 999.9 999.9 999.9  29.0  26.0 999.9 999.9 999.9   0.0 999.9 999.9   2.0   4.0   3.0
132 999.9 999.9 999.9 999.9 999.9 999.9 999.9 999.9 999.9 999.9 999.9 999.9 999.9 999.9 999.9   0.0 999.9 999.9   2.0   4.0   3.0
144 999.9 999.9 999.9 999.9 999.9 999.9 999.9 999.9 999.9 999.9  29.0  26.0 999.9 999.9 999.9   0.0 999.9 999.9   1.0   4.0   3.0
156 999.9 999.9 999.9 999.9 999.9 999.9 999.9 999.9 999.9 999.9 999.9 999.9 999.9 999.9 999.9   0.0 999.9 999.9   1.0   0.0   0.0
168 999.9 999.9 999.9 999.9 999.9 999.9 999.9 999.9 999.9 999.9  29.0  26.0 999.9 999.9 999.9   0.0 999.9 999.9   1.0   4.0   3.0
NNNN
