ZCZC
FSCI50 BENJ 180730 
2018061812时南京订正预报产品
SPCC    2018061812
1
58238  118.48   32.00     8.4 14 21
12 999.9 999.9 999.9 999.9 999.9 999.9 999.9 999.9 999.9 999.9 999.9 999.9 999.9 999.9 999.9 999.9 999.9 999.9   2.0   2.0   1.0
24 999.9 999.9 999.9 999.9 999.9 999.9 999.9 999.9 999.9 999.9  28.0  24.0 999.9 999.9 999.9   6.6 999.9 999.9   4.0   2.0   1.0
36 999.9 999.9 999.9 999.9 999.9 999.9 999.9 999.9 999.9 999.9 999.9 999.9 999.9 999.9 999.9  10.0 999.9 999.9   8.0   2.0   1.0
48 999.9 999.9 999.9 999.9 999.9 999.9 999.9 999.9 999.9 999.9  26.0  22.0 999.9 999.9 999.9   6.6 999.9 999.9   4.0   1.0   2.0
60 999.9 999.9 999.9 999.9 999.9 999.9 999.9 999.9 999.9 999.9 999.9 999.9 999.9 999.9 999.9 999.9 999.9 999.9   1.0   2.0   1.0
72 999.9 999.9 999.9 999.9 999.9 999.9 999.9 999.9 999.9 999.9  31.0  20.0 999.9 999.9 999.9 999.9 999.9 999.9   1.0   2.0   1.0
84 999.9 999.9 999.9 999.9 999.9 999.9 999.9 999.9 999.9 999.9 999.9 999.9 999.9 999.9 999.9 999.9 999.9 999.9   1.0   2.0   1.0
96 999.9 999.9 999.9 999.9 999.9 999.9 999.9 999.9 999.9 999.9  30.0  21.0 999.9 999.9 999.9 999.9 999.9 999.9   1.0   2.0   1.0
108 999.9 999.9 999.9 999.9 999.9 999.9 999.9 999.9 999.9 999.9 999.9 999.9 999.9 999.9 999.9 999.9 999.9 999.9   1.0   2.0   1.0
120 999.9 999.9 999.9 999.9 999.9 999.9 999.9 999.9 999.9 999.9  32.0  21.0 999.9 999.9 999.9 999.9 999.9 999.9   1.0   2.0   1.0
132 999.9 999.9 999.9 999.9 999.9 999.9 999.9 999.9 999.9 999.9 999.9 999.9 999.9 999.9 999.9 999.9 999.9 999.9   1.0   2.0   1.0
144 999.9 999.9 999.9 999.9 999.9 999.9 999.9 999.9 999.9 999.9  32.0  22.0 999.9 999.9 999.9 999.9 999.9 999.9   1.0   3.0   1.0
156 999.9 999.9 999.9 999.9 999.9 999.9 999.9 999.9 999.9 999.9 999.9 999.9 999.9 999.9 999.9 999.9 999.9 999.9   2.0   3.0   1.0
168 999.9 999.9 999.9 999.9 999.9 999.9 999.9 999.9 999.9 999.9  33.0  24.0 999.9 999.9 999.9   6.6 999.9 999.9   4.0   4.0   1.0
NNNN
