ZCZC
FSCI50 BCSH 180730 
2018061812时上海区域中心订正预报产品
SPCC 2018061812
1
58367 121.43 31.17 7.0 14 21
12 999.9 999.9 999.9 999.9 999.9 999.9 999.9 999.9 999.9 999.9 999.9 999.9 999.9 999.9 999.9 999.9 999.9 999.9 7.0 3.0 1.0
24 999.9 999.9 999.9 999.9 999.9 999.9 999.9 999.9 999.9 999.9 28.0 24.0 999.9 999.9 999.9 999.9 999.9 999.9 7.0 1.0 1.0
36 999.9 999.9 999.9 999.9 999.9 999.9 999.9 999.9 999.9 999.9 999.9 999.9 999.9 999.9 999.9 999.9 999.9 999.9 7.0 1.0 1.0
48 999.9 999.9 999.9 999.9 999.9 999.9 999.9 999.9 999.9 999.9 25.2 22.1 999.9 999.9 999.9 999.9 999.9 999.9 9.0 1.0 2.0
60 999.9 999.9 999.9 999.9 999.9 999.9 999.9 999.9 999.9 999.9 999.9 999.9 999.9 999.9 999.9 999.9 999.9 999.9 7.0 1.0 1.0
72 999.9 999.9 999.9 999.9 999.9 999.9 999.9 999.9 999.9 999.9 26.0 20.8 999.9 999.9 999.9 999.9 999.9 999.9 7.0 2.0 1.0
84 999.9 999.9 999.9 999.9 999.9 999.9 999.9 999.9 999.9 999.9 999.9 999.9 999.9 999.9 999.9 999.9 999.9 999.9 3.0 3.0 0.0
96 999.9 999.9 999.9 999.9 999.9 999.9 999.9 999.9 999.9 999.9 27.0 22.0 999.9 999.9 999.9 999.9 999.9 999.9 3.0 3.0 2.0
108 999.9 999.9 999.9 999.9 999.9 999.9 999.9 999.9 999.9 999.9 999.9 999.9 999.9 999.9 999.9 999.9 999.9 999.9 3.0 5.0 2.0
120 999.9 999.9 999.9 999.9 999.9 999.9 999.9 999.9 999.9 999.9 30.0 23.0 999.9 999.9 999.9 999.9 999.9 999.9 0.0 3.0 0.0
132 999.9 999.9 999.9 999.9 999.9 999.9 999.9 999.9 999.9 999.9 999.9 999.9 999.9 999.9 999.9 999.9 999.9 999.9 3.0 2.0 0.0
144 999.9 999.9 999.9 999.9 999.9 999.9 999.9 999.9 999.9 999.9 29.0 22.8 999.9 999.9 999.9 999.9 999.9 999.9 1.0 2.0 0.0
156 999.9 999.9 999.9 999.9 999.9 999.9 999.9 999.9 999.9 999.9 999.9 999.9 999.9 999.9 999.9 999.9 999.9 999.9 7.0 4.0 0.0
168 999.9 999.9 999.9 999.9 999.9 999.9 999.9 999.9 999.9 999.9 31.0 22.0 999.9 999.9 999.9 999.9 999.9 999.9 7.0 5.0 1.0
NNNN
